reference	props	spec_cons	x	y
4A3	3.7	206	227934.152	2160970.324
4A6	3.7	206	227910.643	2160972.127
4A9	3.7	206	227866.218	2160972.375
4AC	3.7	206	227894.851	2160974.53
4AF	3.7	206	227822.433	2160974.58
4B2	3.7	206	227850.187	2160971.848
4B5	3.7	206	227935.279	2160978.045
4B8	3.7	206	227911.21	2160978.981
4BB	3.7	206	227895.508	2160980.83
4BE	3.7	206	227869.435	2160980.547
4C1	3.7	206	227823.514	2160982.159
4C4	3.7	206	227852.458	2160983.094
4C7	3.7	206	227911.933	2160985.536
4CA	3.7	206	227936.142	2160986.006
4CD	3.7	206	227896.396	2160987.366
4D0	3.7	206	227870.648	2160988.457
4D3	3.7	206	227824.992	2160989.703
4D6	3.7	206	227853.739	2160990.991
4D9	3.7	206	227912.657	2160992.092
4DC	3.7	206	227897.283	2160993.902
4DF	3.7	206	227937.005	2160993.967
4E2	3.7	206	227871.862	2160996.364
4E5	3.7	206	227913.718	2160998.479
4E8	3.7	206	227826.347	2160997.501
4EB	3.7	206	227855.021	2160998.888
4EE	3.7	206	227898.64	2161000.501
4F1	3.7	206	228033.003	2160995.465
4F4	3.7	206	228004.248	2160997.98
4F7	3.7	206	227996.604	2160999.6
4FA	3.7	206	227873.477	2161004.044
4FD	3.7	206	227988.894	2161000.92
500	3.7	206	227980.823	2161001.228
503	3.7	206	227828.135	2161005.006
506	3.7	206	227972.982	2161001.132
509	3.7	206	227965.041	2161000.005
50C	3.7	206	227957.26	2161000.169
50F	3.7	206	227856.868	2161006.851
512	3.7	206	227949.482	2161000.674
515	3.7	206	227942.135	2161005.159
518	3.7	206	227934.356	2161005.663
51B	3.7	206	227919.011	2161008.734
51E	3.7	206	227912.738	2161009.407
521	3.7	206	227906.839	2161010.515
524	3.7	206	227829.283	2161012.37
527	3.7	206	227901.096	2161010.978
52A	3.7	206	227895.11	2161011.682
52D	3.7	206	227876.126	2161015.244
530	3.7	206	227866.249	2161017.147
533	3.7	206	227859.804	2161017.901
536	3.7	206	227853.108	2161018.911
539	3.7	206	228060.163	2161017.975
53C	3.7	206	227831.381	2161023.18
53F	3.7	206	228053.708	2161020.246
542	3.7	206	228046.068	2161021.368
545	3.7	206	227814.456	2161019.125
548	3.7	206	227806.58	2161020.426
54B	3.7	206	228038.291	2161022.552
54E	3.7	206	227990.145	2161026.532
551	3.7	206	227798.711	2161021.109
554	3.7	206	227982.733	2161027.731
557	3.7	206	228030.22	2161023.99
55A	3.7	206	227965.836	2161029.294
55D	3.7	206	227790.538	2161022.127
560	3.7	206	227956.878	2161029.999
563	3.7	206	227948.112	2161030.797
566	3.7	206	227939.218	2161031.689
569	3.7	206	227922.976	2161033.024
56C	3.7	206	228022.348	2161026.314
56F	3.7	206	227916.834	2161033.989
572	3.7	206	227910.285	2161034.709
575	3.7	206	227988.758	2161038.9
578	3.7	206	227903.502	2161036.385
57B	3.7	206	227896.919	2161037.151
57E	3.7	206	228014.816	2161029.135
581	3.7	206	227963.35	2161040.388
584	3.7	206	227884.037	2161037.963
587	3.7	206	227877.017	2161039.434
58A	3.7	206	227870.453	2161039.822
58D	3.7	206	227945.19	2161042.776
590	3.7	206	228007.019	2161031.703
593	3.7	206	227918.854	2161044.288
596	3.7	206	227864.399	2161041.166
599	3.7	206	227999.27	2161033.227
59C	3.7	206	227857.767	2161042.319
59F	3.7	206	227903.236	2161047.05
5A2	3.7	206	227845.003	2161044.242
5A5	3.7	206	227990.203	2161046.99
5A8	3.7	206	227965.085	2161047.662
5AB	3.7	206	227838.925	2161045.175
5AE	3.7	206	227832.714	2161045.922
5B1	3.7	206	227880.788	2161049.562
5B4	3.7	206	227920.285	2161050.499
5B7	3.7	206	227826.275	2161047.536
5BA	3.7	206	227946.72	2161050.8
5BD	3.7	206	227819.458	2161048.415
5C0	3.7	206	227864.269	2161051.995
5C3	3.7	206	227904.447	2161053.04
5C6	3.7	206	227762.697	2161054.555
5C9	3.7	206	227748.337	2161034.819
5CC	3.7	206	227803.447	2161051.356
5CF	3.7	206	227797.74	2161052.43
5D2	3.7	206	227841.194	2161055.777
5D5	3.7	206	227966.264	2161054.979
5D8	3.7	206	227881.272	2161056.065
5DB	3.7	206	227921.216	2161056.67
5DE	3.7	206	227791.538	2161053.219
5E1	3.7	206	227785.105	2161054.872
5E4	3.7	206	227864.568	2161058.674
5E7	3.7	206	227825.41	2161058.657
5EA	3.7	206	227905.324	2161059.221
5ED	3.7	206	227778.225	2161055.694
5F0	3.7	206	227947.739	2161058.929
5F3	3.7	206	227763.937	2161062.05
5F6	3.7	206	227842.711	2161062.608
5F9	3.7	206	227922.027	2161063.123
5FC	3.7	206	227799.352	2161063.256
5FF	3.7	206	227712.744	2161060.382
602	3.7	206	227753.979	2161060.393
605	3.7	206	227906.347	2161065.554
608	3.7	206	227826.704	2161065.311
60B	3.7	206	227747.185	2161062.188
60E	3.7	206	227784.416	2161066.155
611	3.7	206	227695.59	2161061.484
614	3.7	206	227764.961	2161069.522
617	3.7	206	227707.189	2161069.39
61A	3.7	206	227800.621	2161070.446
61D	3.7	206	227906.812	2161072.187
620	3.7	206	227785.863	2161073.164
623	3.7	206	227844.738	2161074.995
626	3.7	206	227904.805	2161077.921
629	3.7	206	227827.51	2161078.094
62C	3.7	206	227765.756	2161077.307
62F	3.7	206	227756.197	2161075.632
632	3.7	206	227845.81	2161080.927
635	3.7	206	227749.344	2161077.499
638	3.7	206	227828.614	2161084.021
63B	3.7	206	227803.039	2161084.192
63E	3.7	206	227875.47	2161075.493
641	3.7	206	227846.882	2161086.86
644	3.7	206	227787.689	2161087.253
647	3.7	206	227829.718	2161089.948
64A	3.7	206	227804.667	2161091.544
64D	3.7	206	227847.955	2161092.793
650	3.7	206	227789.276	2161094.613
653	3.7	206	227830.821	2161095.875
656	3.7	206	227806.295	2161098.896
659	3.7	206	227768.055	2161096.17
65C	3.7	206	227831.925	2161101.802
65F	3.7	206	227757.75	2161098.047
662	3.7	206	227790.864	2161101.973
665	3.7	206	227697.49	2161093.048
668	3.7	206	227750.863	2161099.302
66B	3.7	206	227847.225	2161100.118
66E	3.7	206	227743.876	2161100.511
671	3.7	206	227737.133	2161102.109
674	3.7	206	227807.553	2161105.92
677	3.7	206	227832.993	2161107.716
67A	3.7	206	227792.277	2161109.809
67D	3.7	206	227696.069	2161110.022
680	3.7	206	227832.589	2161112.807
683	3.7	206	227774.685	2161111.698
686	3.7	206	227810.142	2161117.531
689	3.7	206	227764.379	2161113.672
68C	3.7	206	227753.955	2161115.755
68F	3.7	206	227692.693	2161118.759
692	3.7	206	227747.07	2161116.739
695	3.7	206	227740.089	2161117.919
698	3.7	206	227794.523	2161121.527
69B	3.7	206	227729.982	2161095.017
69E	3.7	206	227809.877	2161124.746
6A1	3.7	206	227795.71	2161128.369
6A4	3.7	206	227690.947	2161128.26
6A7	3.7	206	227796.635	2161136.885
6AA	3.7	206	227779.535	2161137.321
6AD	3.7	206	227771.543	2161141
6B0	3.7	206	227686.219	2161143.416
6B3	3.7	206	227762.763	2161143.69
6B6	3.7	206	227753.865	2161146.391
6B9	3.7	206	227745.428	2161148.051
6BC	3.7	206	227737.059	2161149.057
6BF	3.7	206	227728.375	2161150.436
6C2	3.7	206	227720.017	2161150.613
6C5	3.7	206	227707.249	2161155.24
